100
169 41 118 23 121 32 79 207 81 255
156 -137 131 -126 172 -130 11 231 252 255
-15 227 -41 261 16 204 107 247 202 255
-64 121 -78 146 -16 191 61 242 173 255
-204 183 -190 185 -228 191 121 226 80 255
-1 -132 5 -152 -36 -128 213 248 193 255
-212 -95 -232 -55 -271 -17 153 141 191 255
-265 197 -260 149 -236 159 245 177 122 255
-259 54 -198 118 -185 83 195 26 110 255
126 -192 157 -235 212 -239 67 45 135 255
-17 45 11 34 -58 26 51 156 107 255
-208 -108 -235 -112 -268 -111 3 110 99 255
277 -208 251 -144 257 -163 195 204 144 255
22 -252 103 -182 57 -183 193 212 209 255
34 284 122 278 112 219 93 95 130 255
-142 16 -121 53 -184 28 200 216 112 255
77 -132 125 -75 105 -106 250 62 130 255
-269 -76 -194 -15 -276 -30 129 16 184 255
182 41 245 42 251 45 86 43 243 255
-129 105 -163 136 -127 176 13 75 180 255
25 22 -30 21 -30 3 178 222 4 255
3 28 -30 41 -15 20 254 44 52 255
-128 220 -96 279 -146 228 227 1 4 255
158 81 145 99 131 35 156 82 233 255
69 220 141 164 66 177 147 20 1 255
-8 -102 -81 -110 -79 -168 147 194 245 255
-90 -16 -42 -14 -96 11 23 199 36 255
23 -35 1 12 -5 19 168 190 81 255
-97 214 -101 267 -108 202 2 199 85 255
-6 186 -14 148 -34 207 200 145 154 255
175 -122 192 -93 112 -132 149 179 0 255
-4 -23 2 -26 42 -56 175 118 252 255
-102 -97 -134 -54 -74 -32 239 133 92 255
12 -196 51 -232 -21 -246 120 112 109 255
106 153 161 96 173 112 37 79 209 255
220 -82 265 -43 186 -73 40 130 172 255
-36 123 -122 145 -51 157 38 102 247 255
-88 -28 -100 -8 -85 16 97 71 21 255
123 -55 189 -68 149 -38 11 15 210 255
86 164 34 138 95 184 200 210 199 255
-62 114 -24 153 -3 185 206 40 181 255
-100 -102 -158 -162 -128 -108 117 19 2 255
-175 177 -170 193 -177 199 233 250 210 255
-52 -73 19 -45 27 -60 157 208 160 255
187 -146 262 -157 188 -127 36 176 104 255
167 -45 92 -70 122 -74 249 17 143 255
94 116 71 109 92 173 141 192 155 255
-204 -141 -214 -146 -161 -186 93 47 79 255
176 -39 188 29 143 41 78 141 64 255
-11 -3 18 -54 6 -9 91 89 140 255
-183 74 -162 -17 -185 15 165 166 16 255
148 -159 147 -128 134 -89 39 52 151 255
-119 2 -87 6 -107 -55 162 243 72 255
43 -229 -32 -208 52 -184 162 231 27 255
27 220 17 228 2 214 4 226 96 255
97 127 57 96 77 135 28 111 46 255
-187 279 -231 212 -211 186 202 59 245 255
-142 201 -80 198 -71 258 174 181 157 255
-252 133 -268 176 -214 135 50 125 108 255
174 -144 200 -157 124 -120 186 144 154 255
-283 36 -222 46 -285 8 206 90 125 255
-219 -40 -244 14 -226 -67 78 169 213 255
88 -190 99 -165 106 -145 248 53 68 255
213 -175 212 -127 132 -114 119 145 40 255
39 -173 36 -126 54 -181 40 148 229 255
198 60 141 81 218 108 149 104 57 255
12 22 -47 104 -56 84 195 187 61 255
-167 -31 -209 -70 -212 -32 247 225 142 255
-195 163 -127 215 -130 157 124 11 205 255
-201 -96 -139 -75 -183 -66 127 90 245 255
-51 116 -10 130 -36 69 115 36 242 255
-143 234 -103 237 -60 246 229 57 221 255
-18 148 -11 55 -37 151 230 183 238 255
214 273 137 278 199 196 28 163 89 255
-198 -76 -156 -127 -129 -108 38 16 237 255
-79 110 -38 59 -56 82 126 143 173 255
-12 120 7 179 18 141 18 76 41 255
-156 243 -114 266 -180 200 157 251 196 255
285 40 206 111 242 28 224 85 175 255
-135 -124 -103 -98 -91 -143 57 42 148 255
14 -258 39 -230 75 -215 227 5 180 255
132 27 90 69 59 39 56 23 237 255
-56 -166 -120 -182 -140 -197 187 154 154 255
-168 -32 -247 12 -215 19 130 147 114 255
-22 221 -18 233 -64 211 181 224 202 255
-203 186 -140 216 -166 235 204 8 53 255
-213 152 -234 113 -264 138 0 173 162 255
-161 -17 -176 3 -147 -14 68 138 63 255
-201 151 -152 162 -136 150 157 175 129 255
168 170 104 172 121 202 64 125 16 255
150 186 162 268 176 206 127 47 125 255
-5 -44 40 -10 30 -44 144 7 236 255
-7 1 32 -46 15 -53 83 247 81 255
-75 -29 -31 -22 -77 -37 170 82 243 255
221 139 218 180 147 186 6 226 227 255
61 126 77 188 140 179 233 105 54 255
16 -97 -64 -80 -66 -64 196 168 20 255
-57 -11 -77 -21 -86 7 148 90 233 255
-64 -17 -33 -72 -86 -76 45 246 225 255
-203 -18 -225 -104 -226 -85 75 33 14 255
